2.393127
1.922066
10.573770
1.128329
7.826433
3.698367
1.779198
5.787307
2.152719
3.327631
13.570417
9.338950
16.885784
1.787107
22.844370
1.895697
4.815470
2.345886
22.252537
15.338319
1.942272
13.493100
6.948391
15.786437
9.766960
12.486172
2.722013
1.864602
21.514475
6.345838
21.607244
1.327706
6.008861
6.838886
7.828867
6.189979
6.223797
13.980544
1.551362
1.824345
8.239494
3.567696
1.551949
1.665806
8.029858
4.564455
9.647253
1.893498
8.197980
5.405766
3.354202
2.024295
3.476715
9.718521
1.905347
3.426317
1.172251
10.424216
1.821262
7.761679
11.058124
3.715172
7.352928
1.729048
24.910528
9.300817
1.731526
5.739573
1.962441
7.678541
2.477803
1.844187
4.702430
2.808158
9.050396
1.414429
16.403122
16.346355
6.385606
1.766008
7.677230
7.469556
15.330061
10.790199
1.870013
1.900453
13.262548
1.590170
2.256652
8.147235
2.806329
7.118170
5.972234
8.585822
7.233394
1.493894
