6.012948
2.374194
10.141153
1.253832
5.734922
1.583368
3.375903
8.676356
2.714776
4.086577
12.619808
11.208156
12.788714
0.800110
21.223045
1.388808
4.261446
0.252023
17.689646
14.238954
1.435399
15.522459
10.534485
12.232890
10.678211
17.518703
4.932441
2.997233
13.754781
6.569885
16.237055
5.099998
8.686137
9.445429
12.517101
7.699267
6.509707
18.535299
0.503476
1.946049
10.735965
3.417861
2.330332
0.628339
8.427253
8.675174
10.399584
2.473013
6.932232
6.574636
4.444754
3.528755
0.582828
5.928013
2.687356
4.921206
1.070563
12.949134
3.163339
8.685393
9.828839
5.100616
8.583660
0.357347
17.760994
15.024207
1.610947
4.106413
0.701441
13.826288
1.656857
2.078709
6.208941
2.509418
11.937940
1.043963
11.191644
15.331338
4.180008
5.155231
11.783232
3.089016
13.618576
9.969658
2.326297
1.754507
9.294177
2.173519
5.744614
9.104968
4.040906
7.928679
8.431613
8.123202
7.034191
1.907071
