5.846321
4.229702
3.470615
22.335407
10.052874
21.299984
12.481866
31.065458
11.725220
4.857323
8.849256
4.970697
7.090927
22.897013
11.943075
8.511069
47.644306
16.498184
10.165642
11.202483
26.166462
5.422411
14.016965
21.028147
17.544598
17.552568
32.604069
12.281462
13.131665
25.988733
30.671566
18.332975
29.135616
19.837048
2.431469
17.881950
17.080318
35.297611
29.766733
41.786579
26.784883
11.008138
16.389940
77.133652
19.583740
5.524467
62.317825
22.790949
8.200161
12.074096
10.455764
16.137842
2.414329
31.938068
21.370773
8.612678
12.869020
15.788673
8.928366
11.305565
4.294689
25.669790
1.272928
41.944866
11.652306
5.825502
25.214542
16.080776
6.660031
7.927486
59.435307
20.735859
10.708668
18.257681
10.505115
4.773021
30.263340
29.404013
35.401226
15.305161
20.918758
36.646294
18.337982
35.297993
13.011872
35.312626
16.404221
