8.844902
6.493302
7.792964
20.413248
12.420773
19.665983
11.463557
27.694792
12.055534
8.514474
15.795139
6.380507
9.180886
20.245857
10.376332
13.523011
40.775417
15.507114
11.261243
11.444058
28.435408
11.011521
12.485300
31.023659
22.653709
16.099155
23.295267
12.169943
13.474827
29.862841
23.549046
16.960300
21.864384
17.835644
6.853582
15.891220
14.624549
28.228094
20.625074
29.627438
17.336102
13.816055
16.500647
62.125595
16.859682
11.167998
46.815674
17.533554
8.532000
11.901614
13.736282
15.586121
8.024654
24.072258
19.229143
7.610108
14.650054
13.292482
10.501196
9.776220
7.281097
20.743963
6.466055
31.031996
16.303043
9.396878
14.606005
17.834881
9.333119
8.730471
42.665447
16.296247
9.103299
20.241505
9.881213
7.982589
22.802975
34.051792
31.797625
13.723626
34.966877
32.799599
13.897766
40.289799
11.612147
25.704508
21.593168
